Iteration 7: PUSH 3 from B to A; excess[B]=0; excess[A]=-24

After iteration 7:
Heights: [10, 11, 0, 0, 0, 0, 0, 0, 0, 0]
Excesses: [-24, 0, 6, 8, 3, 3, 4, 0, 0, 0]

Residual Matrix:
        S    A    B    C    D    E    F    G    H    T
    --------------------------------------------------
 S |    0    3    0    0    0    0    0    0    0    0
 A |   13    0    0    0    0    0    0    0    0    0
 B |    3    3    0    7    0    5    0    0    0    0
 C |    8    0    0    0    0    0    0    0    7    0
 D |    0    3    0    0    0    0    1    8    0    0
 E |    0    3    0    0    8    0    0    0    0    0
 F |    0    4    0    0    0    0    0    0    0    8
 G |    0    0    0    0    0    0    3    0    4    6
 H |    0    0    0    0    0    4    0    0    0    8
 T |    0    0    0    0    0    0    0    0    0    0
Iteration 8: RELABEL C from 0 to 1

After iteration 8:
Heights: [10, 11, 1, 0, 0, 0, 0, 0, 0, 0]
Excesses: [-24, 0, 6, 8, 3, 3, 4, 0, 0, 0]

Residual Matrix:
        S    A    B    C    D    E    F    G    H    T
    --------------------------------------------------
 S |    0    3    0    0    0    0    0    0    0    0
 A |   13    0    0    0    0    0    0    0    0    0
 B |    3    3    0    7    0    5    0    0    0    0
 C |    8    0    0    0    0    0    0    0    7    0
 D |    0    3    0    0    0    0    1    8    0    0
 E |    0    3    0    0    8    0    0    0    0    0
 F |    0    4    0    0    0    0    0    0    0    8
 G |    0    0    0    0    0    0    3    0    4    6
 H |    0    0    0    0    0    4    0    0    0    8
 T |    0    0    0    0    0    0    0    0    0    0
Iteration 9: PUSH 6 from C to D; excess[C]=0; excess[D]=14

After iteration 9:
Heights: [10, 11, 1, 0, 0, 0, 0, 0, 0, 0]
Excesses: [-24, 0, 0, 14, 3, 3, 4, 0, 0, 0]

Residual Matrix:
        S    A    B    C    D    E    F    G    H    T
    --------------------------------------------------
 S |    0    3    0    0    0    0    0    0    0    0
 A |   13    0    0    0    0    0    0    0    0    0
 B |    3    3    0    1    0    5    0    0    0    0
 C |    8    0    6    0    0    0    0    0    7    0
 D |    0    3    0    0    0    0    1    8    0    0
 E |    0    3    0    0    8    0    0    0    0    0
 F |    0    4    0    0    0    0    0    0    0    8
 G |    0    0    0    0    0    0    3    0    4    6
 H |    0    0    0    0    0    4    0    0    0    8
 T |    0    0    0    0    0    0    0    0    0    0
Iteration 10: RELABEL D from 0 to 1

After iteration 10:
Heights: [10, 11, 1, 1, 0, 0, 0, 0, 0, 0]
Excesses: [-24, 0, 0, 14, 3, 3, 4, 0, 0, 0]

Residual Matrix:
        S    A    B    C    D    E    F    G    H    T
    --------------------------------------------------
 S |    0    3    0    0    0    0    0    0    0    0
 A |   13    0    0    0    0    0    0    0    0    0
 B |    3    3    0    1    0    5    0    0    0    0
 C |    8    0    6    0    0    0    0    0    7    0
 D |    0    3    0    0    0    0    1    8    0    0
 E |    0    3    0    0    8    0    0    0    0    0
 F |    0    4    0    0    0    0    0    0    0    8
 G |    0    0    0    0    0    0    3    0    4    6
 H |    0    0    0    0    0    4    0    0    0    8
 T |    0    0    0    0    0    0    0    0    0    0
Iteration 11: PUSH 7 from D to I; excess[D]=7; excess[I]=7

After iteration 11:
Heights: [10, 11, 1, 1, 0, 0, 0, 0, 0, 0]
Excesses: [-24, 0, 0, 7, 3, 3, 4, 0, 7, 0]

Residual Matrix:
        S    A    B    C    D    E    F    G    H    T
    --------------------------------------------------
 S |    0    3    0    0    0    0    0    0    0    0
 A |   13    0    0    0    0    0    0    0    0    0
 B |    3    3    0    1    0    5    0    0    0    0
 C |    8    0    6    0    0    0    0    0    0    0
 D |    0    3    0    0    0    0    1    8    0    0
 E |    0    3    0    0    8    0    0    0    0    0
 F |    0    4    0    0    0    0    0    0    0    8
 G |    0    0    0    0    0    0    3    0    4    6
 H |    0    0    0    7    0    4    0    0    0    8
 T |    0    0    0    0    0    0    0    0    0    0
Iteration 12: RELABEL D from 1 to 2

After iteration 12:
Heights: [10, 11, 1, 2, 0, 0, 0, 0, 0, 0]
Excesses: [-24, 0, 0, 7, 3, 3, 4, 0, 7, 0]

Residual Matrix:
        S    A    B    C    D    E    F    G    H    T
    --------------------------------------------------
 S |    0    3    0    0    0    0    0    0    0    0
 A |   13    0    0    0    0    0    0    0    0    0
 B |    3    3    0    1    0    5    0    0    0    0
 C |    8    0    6    0    0    0    0    0    0    0
 D |    0    3    0    0    0    0    1    8    0    0
 E |    0    3    0    0    8    0    0    0    0    0
 F |    0    4    0    0    0    0    0    0    0    8
 G |    0    0    0    0    0    0    3    0    4    6
 H |    0    0    0    7    0    4    0    0    0    8
 T |    0    0    0    0    0    0    0    0    0    0
Iteration 13: PUSH 6 from D to C; excess[D]=1; excess[C]=6

After iteration 13:
Heights: [10, 11, 1, 2, 0, 0, 0, 0, 0, 0]
Excesses: [-24, 0, 6, 1, 3, 3, 4, 0, 7, 0]

Residual Matrix:
        S    A    B    C    D    E    F    G    H    T
    --------------------------------------------------
 S |    0    3    0    0    0    0    0    0    0    0
 A |   13    0    0    0    0    0    0    0    0    0
 B |    3    3    0    7    0    5    0    0    0    0
 C |    8    0    0    0    0    0    0    0    0    0
 D |    0    3    0    0    0    0    1    8    0    0
 E |    0    3    0    0    8    0    0    0    0    0
 F |    0    4    0    0    0    0    0    0    0    8
 G |    0    0    0    0    0    0    3    0    4    6
 H |    0    0    0    7    0    4    0    0    0    8
 T |    0    0    0    0    0    0    0    0    0    0
Iteration 14: RELABEL D from 2 to 11

After iteration 14:
Heights: [10, 11, 1, 11, 0, 0, 0, 0, 0, 0]
Excesses: [-24, 0, 6, 1, 3, 3, 4, 0, 7, 0]

Residual Matrix:
        S    A    B    C    D    E    F    G    H    T
    --------------------------------------------------
 S |    0    3    0    0    0    0    0    0    0    0
 A |   13    0    0    0    0    0    0    0    0    0
 B |    3    3    0    7    0    5    0    0    0    0
 C |    8    0    0    0    0    0    0    0    0    0
 D |    0    3    0    0    0    0    1    8    0    0
 E |    0    3    0    0    8    0    0    0    0    0
 F |    0    4    0    0    0    0    0    0    0    8
 G |    0    0    0    0    0    0    3    0    4    6
 H |    0    0    0    7    0    4    0    0    0    8
 T |    0    0    0    0    0    0    0    0    0    0
Iteration 15: PUSH 1 from D to A; excess[D]=0; excess[A]=-23

After iteration 15:
Heights: [10, 11, 1, 11, 0, 0, 0, 0, 0, 0]
Excesses: [-23, 0, 6, 0, 3, 3, 4, 0, 7, 0]

Residual Matrix:
        S    A    B    C    D    E    F    G    H    T
    --------------------------------------------------
 S |    0    3    0    1    0    0    0    0    0    0
 A |   13    0    0    0    0    0    0    0    0    0
 B |    3    3    0    7    0    5    0    0    0    0
 C |    7    0    0    0    0    0    0    0    0    0
 D |    0    3    0    0    0    0    1    8    0    0
 E |    0    3    0    0    8    0    0    0    0    0
 F |    0    4    0    0    0    0    0    0    0    8
 G |    0    0    0    0    0    0    3    0    4    6
 H |    0    0    0    7    0    4    0    0    0    8
 T |    0    0    0    0    0    0    0    0    0    0
Iteration 16: RELABEL E from 0 to 1

After iteration 16:
Heights: [10, 11, 1, 11, 1, 0, 0, 0, 0, 0]
Excesses: [-23, 0, 6, 0, 3, 3, 4, 0, 7, 0]

Residual Matrix:
        S    A    B    C    D    E    F    G    H    T
    --------------------------------------------------
 S |    0    3    0    1    0    0    0    0    0    0
 A |   13    0    0    0    0    0    0    0    0    0
 B |    3    3    0    7    0    5    0    0    0    0
 C |    7    0    0    0    0    0    0    0    0    0
 D |    0    3    0    0    0    0    1    8    0    0
 E |    0    3    0    0    8    0    0    0    0    0
 F |    0    4    0    0    0    0    0    0    0    8
 G |    0    0    0    0    0    0    3    0    4    6
 H |    0    0    0    7    0    4    0    0    0    8
 T |    0    0    0    0    0    0    0    0    0    0
Iteration 17: PUSH 1 from E to G; excess[E]=2; excess[G]=5

After iteration 17:
Heights: [10, 11, 1, 11, 1, 0, 0, 0, 0, 0]
Excesses: [-23, 0, 6, 0, 2, 3, 5, 0, 7, 0]

Residual Matrix:
        S    A    B    C    D    E    F    G    H    T
    --------------------------------------------------
 S |    0    3    0    1    0    0    0    0    0    0
 A |   13    0    0    0    0    0    0    0    0    0
 B |    3    3    0    7    0    5    0    0    0    0
 C |    7    0    0    0    0    0    0    0    0    0
 D |    0    3    0    0    0    0    0    8    0    0
 E |    0    3    0    0    8    0    0    0    0    0
 F |    0    4    0    0    1    0    0    0    0    8
 G |    0    0    0    0    0    0    3    0    4    6
 H |    0    0    0    7    0    4    0    0    0    8
 T |    0    0    0    0    0    0    0    0    0    0
Iteration 18: PUSH 2 from E to H; excess[E]=0; excess[H]=2

After iteration 18:
Heights: [10, 11, 1, 11, 1, 0, 0, 0, 0, 0]
Excesses: [-23, 0, 6, 0, 0, 3, 5, 2, 7, 0]

Residual Matrix:
        S    A    B    C    D    E    F    G    H    T
    --------------------------------------------------
 S |    0    3    0    1    0    0    0    0    0    0
 A |   13    0    0    0    0    0    0    0    0    0
 B |    3    3    0    7    0    5    0    0    0    0
 C |    7    0    0    0    0    0    0    0    0    0
 D |    0    3    0    0    0    0    0    6    0    0
 E |    0    3    0    0    8    0    0    0    0    0
 F |    0    4    0    0    1    0    0    0    0    8
 G |    0    0    0    0    2    0    3    0    4    6
 H |    0    0    0    7    0    4    0    0    0    8
 T |    0    0    0    0    0    0    0    0    0    0
Iteration 19: RELABEL F from 0 to 2

After iteration 19:
Heights: [10, 11, 1, 11, 1, 2, 0, 0, 0, 0]
Excesses: [-23, 0, 6, 0, 0, 3, 5, 2, 7, 0]

Residual Matrix:
        S    A    B    C    D    E    F    G    H    T
    --------------------------------------------------
 S |    0    3    0    1    0    0    0    0    0    0
 A |   13    0    0    0    0    0    0    0    0    0
 B |    3    3    0    7    0    5    0    0    0    0
 C |    7    0    0    0    0    0    0    0    0    0
 D |    0    3    0    0    0    0    0    6    0    0
 E |    0    3    0    0    8    0    0    0    0    0
 F |    0    4    0    0    1    0    0    0    0    8
 G |    0    0    0    0    2    0    3    0    4    6
 H |    0    0    0    7    0    4    0    0    0    8
 T |    0    0    0    0    0    0    0    0    0    0
Iteration 20: PUSH 3 from F to E; excess[F]=0; excess[E]=3

After iteration 20:
Heights: [10, 11, 1, 11, 1, 2, 0, 0, 0, 0]
Excesses: [-23, 0, 6, 0, 3, 0, 5, 2, 7, 0]

Residual Matrix:
        S    A    B    C    D    E    F    G    H    T
    --------------------------------------------------
 S |    0    3    0    1    0    0    0    0    0    0
 A |   13    0    0    0    0    0    0    0    0    0
 B |    3    3    0    7    0    5    0    0    0    0
 C |    7    0    0    0    0    0    0    0    0    0
 D |    0    3    0    0    0    3    0    6    0    0
 E |    0    3    0    0    5    0    0    0    0    0
 F |    0    4    0    0    1    0    0    0    0    8
 G |    0    0    0    0    2    0    3    0    4    6
 H |    0    0    0    7    0    4    0    0    0    8
 T |    0    0    0    0    0    0    0    0    0    0
Iteration 21: RELABEL G from 0 to 1

After iteration 21:
Heights: [10, 11, 1, 11, 1, 2, 1, 0, 0, 0]
Excesses: [-23, 0, 6, 0, 3, 0, 5, 2, 7, 0]

Residual Matrix:
        S    A    B    C    D    E    F    G    H    T
    --------------------------------------------------
 S |    0    3    0    1    0    0    0    0    0    0
 A |   13    0    0    0    0    0    0    0    0    0
 B |    3    3    0    7    0    5    0    0    0    0
 C |    7    0    0    0    0    0    0    0    0    0
 D |    0    3    0    0    0    3    0    6    0    0
 E |    0    3    0    0    5    0    0    0    0    0
 F |    0    4    0    0    1    0    0    0    0    8
 G |    0    0    0    0    2    0    3    0    4    6
 H |    0    0    0    7    0    4    0    0    0    8
 T |    0    0    0    0    0    0    0    0    0    0
Iteration 22: PUSH 5 from G to J; excess[G]=0; excess[J]=5

After iteration 22:
Heights: [10, 11, 1, 11, 1, 2, 1, 0, 0, 0]
Excesses: [-23, 0, 6, 0, 3, 0, 0, 2, 7, 5]

Residual Matrix:
        S    A    B    C    D    E    F    G    H    T
    --------------------------------------------------
 S |    0    3    0    1    0    0    0    0    0    0
 A |   13    0    0    0    0    0    0    0    0    0
 B |    3    3    0    7    0    5    0    0    0    0
 C |    7    0    0    0    0    0    0    0    0    0
 D |    0    3    0    0    0    3    0    6    0    0
 E |    0    3    0    0    5    0    0    0    0    0
 F |    0    4    0    0    1    0    0    0    0    3
 G |    0    0    0    0    2    0    3    0    4    6
 H |    0    0    0    7    0    4    0    0    0    8
 T |    0    0    0    0    0    0    5    0    0    0
Iteration 23: RELABEL I from 0 to 1

After iteration 23:
Heights: [10, 11, 1, 11, 1, 2, 1, 0, 1, 0]
Excesses: [-23, 0, 6, 0, 3, 0, 0, 2, 7, 5]

Residual Matrix:
        S    A    B    C    D    E    F    G    H    T
    --------------------------------------------------
 S |    0    3    0    1    0    0    0    0    0    0
 A |   13    0    0    0    0    0    0    0    0    0
 B |    3    3    0    7    0    5    0    0    0    0
 C |    7    0    0    0    0    0    0    0    0    0
 D |    0    3    0    0    0    3    0    6    0    0
 E |    0    3    0    0    5    0    0    0    0    0
 F |    0    4    0    0    1    0    0    0    0    3
 G |    0    0    0    0    2    0    3    0    4    6
 H |    0    0    0    7    0    4    0    0    0    8
 T |    0    0    0    0    0    0    5    0    0    0
Iteration 24: PUSH 7 from I to J; excess[I]=0; excess[J]=12

After iteration 24:
Heights: [10, 11, 1, 11, 1, 2, 1, 0, 1, 0]
Excesses: [-23, 0, 6, 0, 3, 0, 0, 2, 0, 12]

Residual Matrix:
        S    A    B    C    D    E    F    G    H    T
    --------------------------------------------------
 S |    0    3    0    1    0    0    0    0    0    0
 A |   13    0    0    0    0    0    0    0    0    0
 B |    3    3    0    7    0    5    0    0    0    0
 C |    7    0    0    0    0    0    0    0    0    0
 D |    0    3    0    0    0    3    0    6    0    0
 E |    0    3    0    0    5    0    0    0    0    0
 F |    0    4    0    0    1    0    0    0    0    3
 G |    0    0    0    0    2    0    3    0    4    6
 H |    0    0    0    7    0    4    0    0    0    1
 T |    0    0    0    0    0    0    5    0    7    0
Iteration 25: RELABEL C from 1 to 3

After iteration 25:
Heights: [10, 11, 3, 11, 1, 2, 1, 0, 1, 0]
Excesses: [-23, 0, 6, 0, 3, 0, 0, 2, 0, 12]

Residual Matrix:
        S    A    B    C    D    E    F    G    H    T
    --------------------------------------------------
 S |    0    3    0    1    0    0    0    0    0    0
 A |   13    0    0    0    0    0    0    0    0    0
 B |    3    3    0    7    0    5    0    0    0    0
 C |    7    0    0    0    0    0    0    0    0    0
 D |    0    3    0    0    0    3    0    6    0    0
 E |    0    3    0    0    5    0    0    0    0    0
 F |    0    4    0    0    1    0    0    0    0    3
 G |    0    0    0    0    2    0    3    0    4    6
 H |    0    0    0    7    0    4    0    0    0    1
 T |    0    0    0    0    0    0    5    0    7    0
Iteration 26: PUSH 5 from C to F; excess[C]=1; excess[F]=5

After iteration 26:
Heights: [10, 11, 3, 11, 1, 2, 1, 0, 1, 0]
Excesses: [-23, 0, 1, 0, 3, 5, 0, 2, 0, 12]

Residual Matrix:
        S    A    B    C    D    E    F    G    H    T
    --------------------------------------------------
 S |    0    3    0    1    0    0    0    0    0    0
 A |   13    0    0    0    0    0    0    0    0    0
 B |    3    3    0    7    0    0    0    0    0    0
 C |    7    0    0    0    0    0    0    0    0    0
 D |    0    3    0    0    0    3    0    6    0    0
 E |    0    3    5    0    5    0    0    0    0    0
 F |    0    4    0    0    1    0    0    0    0    3
 G |    0    0    0    0    2    0    3    0    4    6
 H |    0    0    0    7    0    4    0    0    0    1
 T |    0    0    0    0    0    0    5    0    7    0
Iteration 27: RELABEL C from 3 to 11

After iteration 27:
Heights: [10, 11, 11, 11, 1, 2, 1, 0, 1, 0]
Excesses: [-23, 0, 1, 0, 3, 5, 0, 2, 0, 12]

Residual Matrix:
        S    A    B    C    D    E    F    G    H    T
    --------------------------------------------------
 S |    0    3    0    1    0    0    0    0    0    0
 A |   13    0    0    0    0    0    0    0    0    0
 B |    3    3    0    7    0    0    0    0    0    0
 C |    7    0    0    0    0    0    0    0    0    0
 D |    0    3    0    0    0    3    0    6    0    0
 E |    0    3    5    0    5    0    0    0    0    0
 F |    0    4    0    0    1    0    0    0    0    3
 G |    0    0    0    0    2    0    3    0    4    6
 H |    0    0    0    7    0    4    0    0    0    1
 T |    0    0    0    0    0    0    5    0    7    0
Iteration 28: PUSH 1 from C to A; excess[C]=0; excess[A]=-22

After iteration 28:
Heights: [10, 11, 11, 11, 1, 2, 1, 0, 1, 0]
Excesses: [-22, 0, 0, 0, 3, 5, 0, 2, 0, 12]

Residual Matrix:
        S    A    B    C    D    E    F    G    H    T
    --------------------------------------------------
 S |    0    3    1    1    0    0    0    0    0    0
 A |   13    0    0    0    0    0    0    0    0    0
 B |    2    3    0    7    0    0    0    0    0    0
 C |    7    0    0    0    0    0    0    0    0    0
 D |    0    3    0    0    0    3    0    6    0    0
 E |    0    3    5    0    5    0    0    0    0    0
 F |    0    4    0    0    1    0    0    0    0    3
 G |    0    0    0    0    2    0    3    0    4    6
 H |    0    0    0    7    0    4    0    0    0    1
 T |    0    0    0    0    0    0    5    0    7    0
Iteration 29: RELABEL H from 0 to 1

After iteration 29:
Heights: [10, 11, 11, 11, 1, 2, 1, 1, 1, 0]
Excesses: [-22, 0, 0, 0, 3, 5, 0, 2, 0, 12]

Residual Matrix:
        S    A    B    C    D    E    F    G    H    T
    --------------------------------------------------
 S |    0    3    1    1    0    0    0    0    0    0
 A |   13    0    0    0    0    0    0    0    0    0
 B |    2    3    0    7    0    0    0    0    0    0
 C |    7    0    0    0    0    0    0    0    0    0
 D |    0    3    0    0    0    3    0    6    0    0
 E |    0    3    5    0    5    0    0    0    0    0
 F |    0    4    0    0    1    0    0    0    0    3
 G |    0    0    0    0    2    0    3    0    4    6
 H |    0    0    0    7    0    4    0    0    0    1
 T |    0    0    0    0    0    0    5    0    7    0
Iteration 30: PUSH 2 from H to J; excess[H]=0; excess[J]=14

After iteration 30:
Heights: [10, 11, 11, 11, 1, 2, 1, 1, 1, 0]
Excesses: [-22, 0, 0, 0, 3, 5, 0, 0, 0, 14]

Residual Matrix:
        S    A    B    C    D    E    F    G    H    T
    --------------------------------------------------
 S |    0    3    1    1    0    0    0    0    0    0
 A |   13    0    0    0    0    0    0    0    0    0
 B |    2    3    0    7    0    0    0    0    0    0
 C |    7    0    0    0    0    0    0    0    0    0
 D |    0    3    0    0    0    3    0    6    0    0
 E |    0    3    5    0    5    0    0    0    0    0
 F |    0    4    0    0    1    0    0    0    0    3
 G |    0    0    0    0    2    0    3    0    4    4
 H |    0    0    0    7    0    4    0    0    0    1
 T |    0    0    0    0    0    0    5    2    7    0
Iteration 31: RELABEL E from 1 to 2

After iteration 31:
Heights: [10, 11, 11, 11, 2, 2, 1, 1, 1, 0]
Excesses: [-22, 0, 0, 0, 3, 5, 0, 0, 0, 14]

Residual Matrix:
        S    A    B    C    D    E    F    G    H    T
    --------------------------------------------------
 S |    0    3    1    1    0    0    0    0    0    0
 A |   13    0    0    0    0    0    0    0    0    0
 B |    2    3    0    7    0    0    0    0    0    0
 C |    7    0    0    0    0    0    0    0    0    0
 D |    0    3    0    0    0    3    0    6    0    0
 E |    0    3    5    0    5    0    0    0    0    0
 F |    0    4    0    0    1    0    0    0    0    3
 G |    0    0    0    0    2    0    3    0    4    4
 H |    0    0    0    7    0    4    0    0    0    1
 T |    0    0    0    0    0    0    5    2    7    0
Iteration 32: PUSH 3 from E to H; excess[E]=0; excess[H]=3

After iteration 32:
Heights: [10, 11, 11, 11, 2, 2, 1, 1, 1, 0]
Excesses: [-22, 0, 0, 0, 0, 5, 0, 3, 0, 14]

Residual Matrix:
        S    A    B    C    D    E    F    G    H    T
    --------------------------------------------------
 S |    0    3    1    1    0    0    0    0    0    0
 A |   13    0    0    0    0    0    0    0    0    0
 B |    2    3    0    7    0    0    0    0    0    0
 C |    7    0    0    0    0    0    0    0    0    0
 D |    0    3    0    0    0    3    0    3    0    0
 E |    0    3    5    0    5    0    0    0    0    0
 F |    0    4    0    0    1    0    0    0    0    3
 G |    0    0    0    0    5    0    3    0    4    4
 H |    0    0    0    7    0    4    0    0    0    1
 T |    0    0    0    0    0    0    5    2    7    0
Iteration 33: RELABEL F from 2 to 3

After iteration 33:
Heights: [10, 11, 11, 11, 2, 3, 1, 1, 1, 0]
Excesses: [-22, 0, 0, 0, 0, 5, 0, 3, 0, 14]

Residual Matrix:
        S    A    B    C    D    E    F    G    H    T
    --------------------------------------------------
 S |    0    3    1    1    0    0    0    0    0    0
 A |   13    0    0    0    0    0    0    0    0    0
 B |    2    3    0    7    0    0    0    0    0    0
 C |    7    0    0    0    0    0    0    0    0    0
 D |    0    3    0    0    0    3    0    3    0    0
 E |    0    3    5    0    5    0    0    0    0    0
 F |    0    4    0    0    1    0    0    0    0    3
 G |    0    0    0    0    5    0    3    0    4    4
 H |    0    0    0    7    0    4    0    0    0    1
 T |    0    0    0    0    0    0    5    2    7    0
Iteration 34: PUSH 5 from F to E; excess[F]=0; excess[E]=5

After iteration 34:
Heights: [10, 11, 11, 11, 2, 3, 1, 1, 1, 0]
Excesses: [-22, 0, 0, 0, 5, 0, 0, 3, 0, 14]

Residual Matrix:
        S    A    B    C    D    E    F    G    H    T
    --------------------------------------------------
 S |    0    3    1    1    0    0    0    0    0    0
 A |   13    0    0    0    0    0    0    0    0    0
 B |    2    3    0    7    0    0    0    0    0    0
 C |    7    0    0    0    0    0    0    0    0    0
 D |    0    3    0    0    0    8    0    3    0    0
 E |    0    3    5    0    0    0    0    0    0    0
 F |    0    4    0    0    1    0    0    0    0    3
 G |    0    0    0    0    5    0    3    0    4    4
 H |    0    0    0    7    0    4    0    0    0    1
 T |    0    0    0    0    0    0    5    2    7    0
Iteration 35: PUSH 3 from H to J; excess[H]=0; excess[J]=17

After iteration 35:
Heights: [10, 11, 11, 11, 2, 3, 1, 1, 1, 0]
Excesses: [-22, 0, 0, 0, 5, 0, 0, 0, 0, 17]

Residual Matrix:
        S    A    B    C    D    E    F    G    H    T
    --------------------------------------------------
 S |    0    3    1    1    0    0    0    0    0    0
 A |   13    0    0    0    0    0    0    0    0    0
 B |    2    3    0    7    0    0    0    0    0    0
 C |    7    0    0    0    0    0    0    0    0    0
 D |    0    3    0    0    0    8    0    3    0    0
 E |    0    3    5    0    0    0    0    0    0    0
 F |    0    4    0    0    1    0    0    0    0    3
 G |    0    0    0    0    5    0    3    0    4    1
 H |    0    0    0    7    0    4    0    0    0    1
 T |    0    0    0    0    0    0    5    5    7    0
Iteration 36: PUSH 3 from E to H; excess[E]=2; excess[H]=3

After iteration 36:
Heights: [10, 11, 11, 11, 2, 3, 1, 1, 1, 0]
Excesses: [-22, 0, 0, 0, 2, 0, 0, 3, 0, 17]

Residual Matrix:
        S    A    B    C    D    E    F    G    H    T
    --------------------------------------------------
 S |    0    3    1    1    0    0    0    0    0    0
 A |   13    0    0    0    0    0    0    0    0    0
 B |    2    3    0    7    0    0    0    0    0    0
 C |    7    0    0    0    0    0    0    0    0    0
 D |    0    3    0    0    0    8    0    0    0    0
 E |    0    3    5    0    0    0    0    0    0    0
 F |    0    4    0    0    1    0    0    0    0    3
 G |    0    0    0    0    8    0    3    0    4    1
 H |    0    0    0    7    0    4    0    0    0    1
 T |    0    0    0    0    0    0    5    5    7    0
Iteration 37: RELABEL E from 2 to 4

After iteration 37:
Heights: [10, 11, 11, 11, 4, 3, 1, 1, 1, 0]
Excesses: [-22, 0, 0, 0, 2, 0, 0, 3, 0, 17]

Residual Matrix:
        S    A    B    C    D    E    F    G    H    T
    --------------------------------------------------
 S |    0    3    1    1    0    0    0    0    0    0
 A |   13    0    0    0    0    0    0    0    0    0
 B |    2    3    0    7    0    0    0    0    0    0
 C |    7    0    0    0    0    0    0    0    0    0
 D |    0    3    0    0    0    8    0    0    0    0
 E |    0    3    5    0    0    0    0    0    0    0
 F |    0    4    0    0    1    0    0    0    0    3
 G |    0    0    0    0    8    0    3    0    4    1
 H |    0    0    0    7    0    4    0    0    0    1
 T |    0    0    0    0    0    0    5    5    7    0
Iteration 38: PUSH 2 from E to F; excess[E]=0; excess[F]=2

After iteration 38:
Heights: [10, 11, 11, 11, 4, 3, 1, 1, 1, 0]
Excesses: [-22, 0, 0, 0, 0, 2, 0, 3, 0, 17]

Residual Matrix:
        S    A    B    C    D    E    F    G    H    T
    --------------------------------------------------
 S |    0    3    1    1    0    0    0    0    0    0
 A |   13    0    0    0    0    0    0    0    0    0
 B |    2    3    0    7    0    0    0    0    0    0
 C |    7    0    0    0    0    0    0    0    0    0
 D |    0    3    0    0    0    6    0    0    0    0
 E |    0    3    5    0    2    0    0    0    0    0
 F |    0    4    0    0    1    0    0    0    0    3
 G |    0    0    0    0    8    0    3    0    4    1
 H |    0    0    0    7    0    4    0    0    0    1
 T |    0    0    0    0    0    0    5    5    7    0
Iteration 39: PUSH 1 from H to J; excess[H]=2; excess[J]=18

After iteration 39:
Heights: [10, 11, 11, 11, 4, 3, 1, 1, 1, 0]
Excesses: [-22, 0, 0, 0, 0, 2, 0, 2, 0, 18]

Residual Matrix:
        S    A    B    C    D    E    F    G    H    T
    --------------------------------------------------
 S |    0    3    1    1    0    0    0    0    0    0
 A |   13    0    0    0    0    0    0    0    0    0
 B |    2    3    0    7    0    0    0    0    0    0
 C |    7    0    0    0    0    0    0    0    0    0
 D |    0    3    0    0    0    6    0    0    0    0
 E |    0    3    5    0    2    0    0    0    0    0
 F |    0    4    0    0    1    0    0    0    0    3
 G |    0    0    0    0    8    0    3    0    4    0
 H |    0    0    0    7    0    4    0    0    0    1
 T |    0    0    0    0    0    0    5    6    7    0
Iteration 40: RELABEL H from 1 to 2

After iteration 40:
Heights: [10, 11, 11, 11, 4, 3, 1, 2, 1, 0]
Excesses: [-22, 0, 0, 0, 0, 2, 0, 2, 0, 18]

Residual Matrix:
        S    A    B    C    D    E    F    G    H    T
    --------------------------------------------------
 S |    0    3    1    1    0    0    0    0    0    0
 A |   13    0    0    0    0    0    0    0    0    0
 B |    2    3    0    7    0    0    0    0    0    0
 C |    7    0    0    0    0    0    0    0    0    0
 D |    0    3    0    0    0    6    0    0    0    0
 E |    0    3    5    0    2    0    0    0    0    0
 F |    0    4    0    0    1    0    0    0    0    3
 G |    0    0    0    0    8    0    3    0    4    0
 H |    0    0    0    7    0    4    0    0    0    1
 T |    0    0    0    0    0    0    5    6    7    0
Iteration 41: PUSH 2 from H to G; excess[H]=0; excess[G]=2

After iteration 41:
Heights: [10, 11, 11, 11, 4, 3, 1, 2, 1, 0]
Excesses: [-22, 0, 0, 0, 0, 2, 2, 0, 0, 18]

Residual Matrix:
        S    A    B    C    D    E    F    G    H    T
    --------------------------------------------------
 S |    0    3    1    1    0    0    0    0    0    0
 A |   13    0    0    0    0    0    0    0    0    0
 B |    2    3    0    7    0    0    0    0    0    0
 C |    7    0    0    0    0    0    0    0    0    0
 D |    0    3    0    0    0    6    0    0    0    0
 E |    0    3    5    0    2    0    0    0    0    0
 F |    0    4    0    0    1    0    0    2    0    3
 G |    0    0    0    0    8    0    1    0    4    0
 H |    0    0    0    7    0    4    0    0    0    1
 T |    0    0    0    0    0    0    5    6    7    0
Iteration 42: RELABEL F from 3 to 5

After iteration 42:
Heights: [10, 11, 11, 11, 4, 5, 1, 2, 1, 0]
Excesses: [-22, 0, 0, 0, 0, 2, 2, 0, 0, 18]

Residual Matrix:
        S    A    B    C    D    E    F    G    H    T
    --------------------------------------------------
 S |    0    3    1    1    0    0    0    0    0    0
 A |   13    0    0    0    0    0    0    0    0    0
 B |    2    3    0    7    0    0    0    0    0    0
 C |    7    0    0    0    0    0    0    0    0    0
 D |    0    3    0    0    0    6    0    0    0    0
 E |    0    3    5    0    2    0    0    0    0    0
 F |    0    4    0    0    1    0    0    2    0    3
 G |    0    0    0    0    8    0    1    0    4    0
 H |    0    0    0    7    0    4    0    0    0    1
 T |    0    0    0    0    0    0    5    6    7    0
Iteration 43: PUSH 2 from F to E; excess[F]=0; excess[E]=2

After iteration 43:
Heights: [10, 11, 11, 11, 4, 5, 1, 2, 1, 0]
Excesses: [-22, 0, 0, 0, 2, 0, 2, 0, 0, 18]

Residual Matrix:
        S    A    B    C    D    E    F    G    H    T
    --------------------------------------------------
 S |    0    3    1    1    0    0    0    0    0    0
 A |   13    0    0    0    0    0    0    0    0    0
 B |    2    3    0    7    0    0    0    0    0    0
 C |    7    0    0    0    0    0    0    0    0    0
 D |    0    3    0    0    0    8    0    0    0    0
 E |    0    3    5    0    0    0    0    0    0    0
 F |    0    4    0    0    1    0    0    2    0    3
 G |    0    0    0    0    8    0    1    0    4    0
 H |    0    0    0    7    0    4    0    0    0    1
 T |    0    0    0    0    0    0    5    6    7    0
Iteration 44: PUSH 2 from G to J; excess[G]=0; excess[J]=20

After iteration 44:
Heights: [10, 11, 11, 11, 4, 5, 1, 2, 1, 0]
Excesses: [-22, 0, 0, 0, 2, 0, 0, 0, 0, 20]

Residual Matrix:
        S    A    B    C    D    E    F    G    H    T
    --------------------------------------------------
 S |    0    3    1    1    0    0    0    0    0    0
 A |   13    0    0    0    0    0    0    0    0    0
 B |    2    3    0    7    0    0    0    0    0    0
 C |    7    0    0    0    0    0    0    0    0    0
 D |    0    3    0    0    0    8    0    0    0    0
 E |    0    3    5    0    0    0    0    0    0    0
 F |    0    4    0    0    1    0    0    2    0    1
 G |    0    0    0    0    8    0    1    0    4    0
 H |    0    0    0    7    0    4    0    0    0    1
 T |    0    0    0    0    0    0    7    6    7    0
Iteration 45: RELABEL E from 4 to 6

After iteration 45:
Heights: [10, 11, 11, 11, 6, 5, 1, 2, 1, 0]
Excesses: [-22, 0, 0, 0, 2, 0, 0, 0, 0, 20]

Residual Matrix:
        S    A    B    C    D    E    F    G    H    T
    --------------------------------------------------
 S |    0    3    1    1    0    0    0    0    0    0
 A |   13    0    0    0    0    0    0    0    0    0
 B |    2    3    0    7    0    0    0    0    0    0
 C |    7    0    0    0    0    0    0    0    0    0
 D |    0    3    0    0    0    8    0    0    0    0
 E |    0    3    5    0    0    0    0    0    0    0
 F |    0    4    0    0    1    0    0    2    0    1
 G |    0    0    0    0    8    0    1    0    4    0
 H |    0    0    0    7    0    4    0    0    0    1
 T |    0    0    0    0    0    0    7    6    7    0
Iteration 46: PUSH 2 from E to F; excess[E]=0; excess[F]=2

After iteration 46:
Heights: [10, 11, 11, 11, 6, 5, 1, 2, 1, 0]
Excesses: [-22, 0, 0, 0, 0, 2, 0, 0, 0, 20]

Residual Matrix:
        S    A    B    C    D    E    F    G    H    T
    --------------------------------------------------
 S |    0    3    1    1    0    0    0    0    0    0
 A |   13    0    0    0    0    0    0    0    0    0
 B |    2    3    0    7    0    0    0    0    0    0
 C |    7    0    0    0    0    0    0    0    0    0
 D |    0    3    0    0    0    6    0    0    0    0
 E |    0    3    5    0    2    0    0    0    0    0
 F |    0    4    0    0    1    0    0    2    0    1
 G |    0    0    0    0    8    0    1    0    4    0
 H |    0    0    0    7    0    4    0    0    0    1
 T |    0    0    0    0    0    0    7    6    7    0
Iteration 47: RELABEL F from 5 to 7

After iteration 47:
Heights: [10, 11, 11, 11, 6, 7, 1, 2, 1, 0]
Excesses: [-22, 0, 0, 0, 0, 2, 0, 0, 0, 20]

Residual Matrix:
        S    A    B    C    D    E    F    G    H    T
    --------------------------------------------------
 S |    0    3    1    1    0    0    0    0    0    0
 A |   13    0    0    0    0    0    0    0    0    0
 B |    2    3    0    7    0    0    0    0    0    0
 C |    7    0    0    0    0    0    0    0    0    0
 D |    0    3    0    0    0    6    0    0    0    0
 E |    0    3    5    0    2    0    0    0    0    0
 F |    0    4    0    0    1    0    0    2    0    1
 G |    0    0    0    0    8    0    1    0    4    0
 H |    0    0    0    7    0    4    0    0    0    1
 T |    0    0    0    0    0    0    7    6    7    0
Iteration 48: PUSH 2 from F to E; excess[F]=0; excess[E]=2

After iteration 48:
Heights: [10, 11, 11, 11, 6, 7, 1, 2, 1, 0]
Excesses: [-22, 0, 0, 0, 2, 0, 0, 0, 0, 20]

Residual Matrix:
        S    A    B    C    D    E    F    G    H    T
    --------------------------------------------------
 S |    0    3    1    1    0    0    0    0    0    0
 A |   13    0    0    0    0    0    0    0    0    0
 B |    2    3    0    7    0    0    0    0    0    0
 C |    7    0    0    0    0    0    0    0    0    0
 D |    0    3    0    0    0    8    0    0    0    0
 E |    0    3    5    0    0    0    0    0    0    0
 F |    0    4    0    0    1    0    0    2    0    1
 G |    0    0    0    0    8    0    1    0    4    0
 H |    0    0    0    7    0    4    0    0    0    1
 T |    0    0    0    0    0    0    7    6    7    0
Iteration 49: RELABEL E from 6 to 8

After iteration 49:
Heights: [10, 11, 11, 11, 8, 7, 1, 2, 1, 0]
Excesses: [-22, 0, 0, 0, 2, 0, 0, 0, 0, 20]

Residual Matrix:
        S    A    B    C    D    E    F    G    H    T
    --------------------------------------------------
 S |    0    3    1    1    0    0    0    0    0    0
 A |   13    0    0    0    0    0    0    0    0    0
 B |    2    3    0    7    0    0    0    0    0    0
 C |    7    0    0    0    0    0    0    0    0    0
 D |    0    3    0    0    0    8    0    0    0    0
 E |    0    3    5    0    0    0    0    0    0    0
 F |    0    4    0    0    1    0    0    2    0    1
 G |    0    0    0    0    8    0    1    0    4    0
 H |    0    0    0    7    0    4    0    0    0    1
 T |    0    0    0    0    0    0    7    6    7    0
Iteration 50: PUSH 2 from E to F; excess[E]=0; excess[F]=2

After iteration 50:
Heights: [10, 11, 11, 11, 8, 7, 1, 2, 1, 0]
Excesses: [-22, 0, 0, 0, 0, 2, 0, 0, 0, 20]

Residual Matrix:
        S    A    B    C    D    E    F    G    H    T
    --------------------------------------------------
 S |    0    3    1    1    0    0    0    0    0    0
 A |   13    0    0    0    0    0    0    0    0    0
 B |    2    3    0    7    0    0    0    0    0    0
 C |    7    0    0    0    0    0    0    0    0    0
 D |    0    3    0    0    0    6    0    0    0    0
 E |    0    3    5    0    2    0    0    0    0    0
 F |    0    4    0    0    1    0    0    2    0    1
 G |    0    0    0    0    8    0    1    0    4    0
 H |    0    0    0    7    0    4    0    0    0    1
 T |    0    0    0    0    0    0    7    6    7    0
Iteration 51: RELABEL F from 7 to 9

After iteration 51:
Heights: [10, 11, 11, 11, 8, 9, 1, 2, 1, 0]
Excesses: [-22, 0, 0, 0, 0, 2, 0, 0, 0, 20]

Residual Matrix:
        S    A    B    C    D    E    F    G    H    T
    --------------------------------------------------
 S |    0    3    1    1    0    0    0    0    0    0
 A |   13    0    0    0    0    0    0    0    0    0
 B |    2    3    0    7    0    0    0    0    0    0
 C |    7    0    0    0    0    0    0    0    0    0
 D |    0    3    0    0    0    6    0    0    0    0
 E |    0    3    5    0    2    0    0    0    0    0
 F |    0    4    0    0    1    0    0    2    0    1
 G |    0    0    0    0    8    0    1    0    4    0
 H |    0    0    0    7    0    4    0    0    0    1
 T |    0    0    0    0    0    0    7    6    7    0
Iteration 52: PUSH 2 from F to E; excess[F]=0; excess[E]=2

After iteration 52:
Heights: [10, 11, 11, 11, 8, 9, 1, 2, 1, 0]
Excesses: [-22, 0, 0, 0, 2, 0, 0, 0, 0, 20]

Residual Matrix:
        S    A    B    C    D    E    F    G    H    T
    --------------------------------------------------
 S |    0    3    1    1    0    0    0    0    0    0
 A |   13    0    0    0    0    0    0    0    0    0
 B |    2    3    0    7    0    0    0    0    0    0
 C |    7    0    0    0    0    0    0    0    0    0
 D |    0    3    0    0    0    8    0    0    0    0
 E |    0    3    5    0    0    0    0    0    0    0
 F |    0    4    0    0    1    0    0    2    0    1
 G |    0    0    0    0    8    0    1    0    4    0
 H |    0    0    0    7    0    4    0    0    0    1
 T |    0    0    0    0    0    0    7    6    7    0
Iteration 53: RELABEL E from 8 to 10

After iteration 53:
Heights: [10, 11, 11, 11, 10, 9, 1, 2, 1, 0]
Excesses: [-22, 0, 0, 0, 2, 0, 0, 0, 0, 20]

Residual Matrix:
        S    A    B    C    D    E    F    G    H    T
    --------------------------------------------------
 S |    0    3    1    1    0    0    0    0    0    0
 A |   13    0    0    0    0    0    0    0    0    0
 B |    2    3    0    7    0    0    0    0    0    0
 C |    7    0    0    0    0    0    0    0    0    0
 D |    0    3    0    0    0    8    0    0    0    0
 E |    0    3    5    0    0    0    0    0    0    0
 F |    0    4    0    0    1    0    0    2    0    1
 G |    0    0    0    0    8    0    1    0    4    0
 H |    0    0    0    7    0    4    0    0    0    1
 T |    0    0    0    0    0    0    7    6    7    0
Iteration 54: PUSH 2 from E to F; excess[E]=0; excess[F]=2

After iteration 54:
Heights: [10, 11, 11, 11, 10, 9, 1, 2, 1, 0]
Excesses: [-22, 0, 0, 0, 0, 2, 0, 0, 0, 20]

Residual Matrix:
        S    A    B    C    D    E    F    G    H    T
    --------------------------------------------------
 S |    0    3    1    1    0    0    0    0    0    0
 A |   13    0    0    0    0    0    0    0    0    0
 B |    2    3    0    7    0    0    0    0    0    0
 C |    7    0    0    0    0    0    0    0    0    0
 D |    0    3    0    0    0    6    0    0    0    0
 E |    0    3    5    0    2    0    0    0    0    0
 F |    0    4    0    0    1    0    0    2    0    1
 G |    0    0    0    0    8    0    1    0    4    0
 H |    0    0    0    7    0    4    0    0    0    1
 T |    0    0    0    0    0    0    7    6    7    0
Iteration 55: RELABEL F from 9 to 11

After iteration 55:
Heights: [10, 11, 11, 11, 10, 11, 1, 2, 1, 0]
Excesses: [-22, 0, 0, 0, 0, 2, 0, 0, 0, 20]

Residual Matrix:
        S    A    B    C    D    E    F    G    H    T
    --------------------------------------------------
 S |    0    3    1    1    0    0    0    0    0    0
 A |   13    0    0    0    0    0    0    0    0    0
 B |    2    3    0    7    0    0    0    0    0    0
 C |    7    0    0    0    0    0    0    0    0    0
 D |    0    3    0    0    0    6    0    0    0    0
 E |    0    3    5    0    2    0    0    0    0    0
 F |    0    4    0    0    1    0    0    2    0    1
 G |    0    0    0    0    8    0    1    0    4    0
 H |    0    0    0    7    0    4    0    0    0    1
 T |    0    0    0    0    0    0    7    6    7    0
Iteration 56: PUSH 2 from F to E; excess[F]=0; excess[E]=2

After iteration 56:
Heights: [10, 11, 11, 11, 10, 11, 1, 2, 1, 0]
Excesses: [-22, 0, 0, 0, 2, 0, 0, 0, 0, 20]

Residual Matrix:
        S    A    B    C    D    E    F    G    H    T
    --------------------------------------------------
 S |    0    3    1    1    0    0    0    0    0    0
 A |   13    0    0    0    0    0    0    0    0    0
 B |    2    3    0    7    0    0    0    0    0    0
 C |    7    0    0    0    0    0    0    0    0    0
 D |    0    3    0    0    0    8    0    0    0    0
 E |    0    3    5    0    0    0    0    0    0    0
 F |    0    4    0    0    1    0    0    2    0    1
 G |    0    0    0    0    8    0    1    0    4    0
 H |    0    0    0    7    0    4    0    0    0    1
 T |    0    0    0    0    0    0    7    6    7    0
Iteration 57: RELABEL E from 10 to 12

After iteration 57:
Heights: [10, 11, 11, 11, 12, 11, 1, 2, 1, 0]
Excesses: [-22, 0, 0, 0, 2, 0, 0, 0, 0, 20]

Residual Matrix:
        S    A    B    C    D    E    F    G    H    T
    --------------------------------------------------
 S |    0    3    1    1    0    0    0    0    0    0
 A |   13    0    0    0    0    0    0    0    0    0
 B |    2    3    0    7    0    0    0    0    0    0
 C |    7    0    0    0    0    0    0    0    0    0
 D |    0    3    0    0    0    8    0    0    0    0
 E |    0    3    5    0    0    0    0    0    0    0
 F |    0    4    0    0    1    0    0    2    0    1
 G |    0    0    0    0    8    0    1    0    4    0
 H |    0    0    0    7    0    4    0    0    0    1
 T |    0    0    0    0    0    0    7    6    7    0
Iteration 58: PUSH 2 from E to B; excess[E]=0; excess[B]=2

After iteration 58:
Heights: [10, 11, 11, 11, 12, 11, 1, 2, 1, 0]
Excesses: [-22, 2, 0, 0, 0, 0, 0, 0, 0, 20]

Residual Matrix:
        S    A    B    C    D    E    F    G    H    T
    --------------------------------------------------
 S |    0    3    1    1    0    0    0    0    0    0
 A |   13    0    0    0    2    0    0    0    0    0
 B |    2    3    0    7    0    0    0    0    0    0
 C |    7    0    0    0    0    0    0    0    0    0
 D |    0    1    0    0    0    8    0    0    0    0
 E |    0    3    5    0    0    0    0    0    0    0
 F |    0    4    0    0    1    0    0    2    0    1
 G |    0    0    0    0    8    0    1    0    4    0
 H |    0    0    0    7    0    4    0    0    0    1
 T |    0    0    0    0    0    0    7    6    7    0
Iteration 59: PUSH 2 from B to A; excess[B]=0; excess[A]=-20

After iteration 59:
Heights: [10, 11, 11, 11, 12, 11, 1, 2, 1, 0]
Excesses: [-20, 0, 0, 0, 0, 0, 0, 0, 0, 20]

Residual Matrix:
        S    A    B    C    D    E    F    G    H    T
    --------------------------------------------------
 S |    0    5    1    1    0    0    0    0    0    0
 A |   11    0    0    0    2    0    0    0    0    0
 B |    2    3    0    7    0    0    0    0    0    0
 C |    7    0    0    0    0    0    0    0    0    0
 D |    0    1    0    0    0    8    0    0    0    0
 E |    0    3    5    0    0    0    0    0    0    0
 F |    0    4    0    0    1    0    0    2    0    1
 G |    0    0    0    0    8    0    1    0    4    0
 H |    0    0    0    7    0    4    0    0    0    1
 T |    0    0    0    0    0    0    7    6    7    0

Value of the max flow max = 20


Max Flow: 20

Residual Graph after Push-Relabel:

Residual Matrix:
        S    A    B    C    D    E    F    G    H    T
    --------------------------------------------------
 S |    0    5    1    1    0    0    0    0    0    0
 A |   11    0    0    0    2    0    0    0    0    0
 B |    2    3    0    7    0    0    0    0    0    0
 C |    7    0    0    0    0    0    0    0    0    0
 D |    0    1    0    0    0    8    0    0    0    0
 E |    0    3    5    0    0    0    0    0    0    0
 F |    0    4    0    0    1    0    0    2    0    1
 G |    0    0    0    0    8    0    1    0    4    0
 H |    0    0    0    7    0    4    0    0    0    1
 T |    0    0    0    0    0    0    7    6    7    0

✅ Maximum Flow: 20